<?xml version="1.0"?>
<opencv_storage>
<calibration_time>"Tue 28 Feb 2017 09:37:45 PM HKT"</calibration_time>
<nr_of_frames>10</nr_of_frames>
<image_width>752</image_width>
<image_height>480</image_height>
<board_width>9</board_width>
<board_height>6</board_height>
<square_size>50.</square_size>
<fix_aspect_ratio>1.</fix_aspect_ratio>
<!-- flags: +fix_aspectRatio +fix_principal_point +zero_tangent_dist -->
<flags>6158</flags>
<fisheye_model>0</fisheye_model>
<camera_matrix type_id="opencv-matrix">
  <rows>3</rows>
  <cols>3</cols>
  <dt>d</dt>
  <data>
    4.2716904416787526e+02 0. 3.7550000000000000e+02 0.
    4.2716904416787526e+02 2.3950000000000000e+02 0. 0. 1.</data></camera_matrix>
<distortion_coefficients type_id="opencv-matrix">
  <rows>5</rows>
  <cols>1</cols>
  <dt>d</dt>
  <data>
    -3.2869710309647038e-01 1.7046620611775165e-01 0. 0.
    -5.8481868630726276e-02</data></distortion_coefficients>
<avg_reprojection_error>1.0636725253315891e+00</avg_reprojection_error>
<per_view_reprojection_errors type_id="opencv-matrix">
  <rows>10</rows>
  <cols>1</cols>
  <dt>f</dt>
  <data>
    6.21913552e-01 8.49690080e-01 3.87467355e-01 4.96690154e-01
    9.35380161e-01 7.25277364e-01 2.73408771e+00 6.71648562e-01
    1.87807620e-01 6.67703807e-01</data></per_view_reprojection_errors>
<extrinsic_parameters type_id="opencv-matrix">
  <rows>10</rows>
  <cols>6</cols>
  <dt>d</dt>
  <data>
    -5.5389406442903866e-01 9.9357962853258971e-02
    2.7394543147497247e-02 -3.3164276860277585e+02
    -2.0871966621794621e+02 6.5288665704840616e+02
    -4.5306769115133760e-01 1.8081278350641725e-01
    7.9802683444600675e-02 -2.9076689543791394e+02
    -2.3277125442231701e+02 5.5106091173753339e+02
    -3.4292127275066014e-01 6.7445567371893680e-02
    -1.4696339320791705e+00 -1.0876556662499033e+02
    1.5999812212238510e+02 5.0882301390356594e+02 4.0870763225097145e-01
    -2.5164458880276352e-01 -3.0733327269298061e-01
    -1.8697878717913332e+02 -8.1875181038283429e+01
    4.1087804419267877e+02 6.7613247510063901e-01 1.1980426272252387e-01
    -7.6400423051530511e-02 -2.9438056037017179e+02
    -8.8867921050836458e+01 3.2828753429341845e+02
    5.4651026015013048e-03 2.5258014287254379e-02
    -1.1511034366177877e-01 -1.6761524034781340e+02
    -1.2313505804715508e+02 3.2205157037766890e+02
    -1.5426516354861547e-01 -8.7762045558572277e-01
    -1.5668260672911544e-01 -7.2812137148805107e+01
    -1.1193300559788946e+02 4.4583237108689161e+02
    1.2371935859191741e-01 7.0610049388124718e-01 8.8708256787307822e-03
    -1.9247438371211820e+02 -1.4199089539647386e+02
    5.7851075726574527e+02 -1.5075160494186898e-01
    -2.1236558570673542e-01 -1.9430441209803226e-01
    -1.1051510020502823e+02 -1.5684210549237437e+02
    9.6840250868085423e+02 8.4380401563432864e-03 3.2887957086779429e-01
    5.7248680851443752e-02 -2.9679751186478700e+02
    -1.3963690709151362e+02 5.0609259960192793e+02</data></extrinsic_parameters>
<image_points type_id="opencv-matrix">
  <rows>10</rows>
  <cols>54</cols>
  <dt>"2f"</dt>
  <data>
    1.80206741e+02 1.16149742e+02 2.05075989e+02 1.13258186e+02
    2.31717758e+02 1.10275574e+02 2.60178101e+02 1.07797150e+02
    2.89863983e+02 1.05115440e+02 3.20860107e+02 1.03342918e+02
    3.53326935e+02 1.01578362e+02 3.86165161e+02 9.94580536e+01
    4.19488068e+02 9.81995544e+01 1.70352646e+02 1.37289719e+02
    1.95753281e+02 1.34387482e+02 2.23248749e+02 1.31709732e+02
    2.52634644e+02 1.29231934e+02 2.83711090e+02 1.27163193e+02
    3.16381958e+02 1.25248207e+02 3.50437836e+02 1.24032051e+02
    3.85030823e+02 1.21457611e+02 4.20162903e+02 1.20099121e+02
    1.59697418e+02 1.59644150e+02 1.85913498e+02 1.57574570e+02
    2.14376923e+02 1.55527740e+02 2.44979050e+02 1.53651703e+02
    2.77368622e+02 1.51834610e+02 3.11498810e+02 1.50397690e+02
    3.47337830e+02 1.49054153e+02 3.83764740e+02 1.46773758e+02
    4.21099640e+02 1.45429733e+02 1.48236343e+02 1.84193268e+02
    1.75414001e+02 1.83165695e+02 2.04632294e+02 1.81786118e+02
    2.36384827e+02 1.80408020e+02 2.70066956e+02 1.78862427e+02
    3.05950989e+02 1.77801193e+02 3.43662506e+02 1.77128311e+02
    3.82447479e+02 1.75868179e+02 4.21826141e+02 1.74725388e+02
    1.37241409e+02 2.11734726e+02 1.64524933e+02 2.11299911e+02
    1.94590668e+02 2.10633484e+02 2.27389969e+02 2.10135361e+02
    2.62406616e+02 2.09285507e+02 3.00028503e+02 2.08828873e+02
    3.39703979e+02 2.08267059e+02 3.80677917e+02 2.07520218e+02
    4.22511139e+02 2.06615143e+02 1.25799065e+02 2.41300659e+02
    1.53584961e+02 2.41608109e+02 1.84281433e+02 2.42155502e+02
    2.18052887e+02 2.42575745e+02 2.54370743e+02 2.42667297e+02
    2.93591187e+02 2.42804565e+02 3.35479553e+02 2.42933914e+02
    3.78662750e+02 2.42382874e+02 4.22893860e+02 2.41856491e+02
    1.77354858e+02 8.02936630e+01 2.04516449e+02 7.61906509e+01
    2.34477097e+02 7.20388107e+01 2.66987488e+02 6.84069366e+01
    3.01628693e+02 6.44307175e+01 3.38624359e+02 6.16918068e+01
    3.77934265e+02 5.93798981e+01 4.18158752e+02 5.70043182e+01
    4.59389069e+02 5.60742531e+01 1.64666885e+02 1.05472260e+02
    1.92356461e+02 1.01581360e+02 2.22873184e+02 9.80559006e+01
    2.56453186e+02 9.44015198e+01 2.92730499e+02 9.13681412e+01
    3.31739990e+02 8.86572037e+01 3.73362427e+02 8.71016846e+01
    4.16089752e+02 8.43377914e+01 4.60070709e+02 8.33357391e+01
    1.50925507e+02 1.32357574e+02 1.79219788e+02 1.29619980e+02
    2.10619095e+02 1.26955971e+02 2.45410568e+02 1.24413475e+02
    2.83239441e+02 1.21961884e+02 3.24217102e+02 1.20081078e+02
    3.68173401e+02 1.18641373e+02 4.13622070e+02 1.16523666e+02
    4.60664185e+02 1.15715317e+02 1.36173157e+02 1.61791016e+02
    1.65190262e+02 1.60772690e+02 1.97298660e+02 1.59332687e+02
    2.33073807e+02 1.57748444e+02 2.72243530e+02 1.56151230e+02
    3.15400299e+02 1.55224533e+02 3.62019104e+02 1.54876465e+02
    4.10729126e+02 1.54423599e+02 4.60892517e+02 1.54226868e+02
    1.22266075e+02 1.95176590e+02 1.50977432e+02 1.95162811e+02
    1.83541504e+02 1.95126053e+02 2.20183136e+02 1.95191467e+02
    2.60788361e+02 1.95054794e+02 3.05933289e+02 1.95614990e+02
    3.55099396e+02 1.96091339e+02 4.06894562e+02 1.96629593e+02
    4.60550995e+02 1.97226181e+02 1.08307243e+02 2.30723175e+02
    1.36911819e+02 2.32351944e+02 1.69644867e+02 2.34299744e+02
    2.07001816e+02 2.36443024e+02 2.48719666e+02 2.38289459e+02
    2.95637360e+02 2.40372986e+02 3.47447998e+02 2.42548706e+02
    4.02262451e+02 2.44107666e+02 4.59317902e+02 2.45672119e+02
    2.87526031e+02 3.67789459e+02 2.92022522e+02 3.28687927e+02
    2.96857239e+02 2.89054047e+02 3.02314819e+02 2.49606705e+02
    3.07564484e+02 2.11134247e+02 3.13374573e+02 1.74403809e+02
    3.19039429e+02 1.39251511e+02 3.24184387e+02 1.06090805e+02
    3.29494537e+02 7.53490372e+01 3.24857849e+02 3.74688416e+02
    3.29410309e+02 3.34366699e+02 3.34265228e+02 2.93470367e+02
    3.39242310e+02 2.52555511e+02 3.44354248e+02 2.12949478e+02
    3.49378235e+02 1.74955994e+02 3.54388733e+02 1.39044540e+02
    3.58525543e+02 1.04591972e+02 3.62771820e+02 7.30748444e+01
    3.64348541e+02 3.81367004e+02 3.69206512e+02 3.39757202e+02
    3.73981628e+02 2.97654602e+02 3.78728058e+02 2.55705460e+02
    3.83312225e+02 2.15029343e+02 3.87531952e+02 1.76075760e+02
    3.91558868e+02 1.39056122e+02 3.94785400e+02 1.04040253e+02
    3.98020477e+02 7.17270660e+01 4.06228241e+02 3.87558441e+02
    4.11401337e+02 3.44888428e+02 4.16109467e+02 3.01725433e+02
    4.20387573e+02 2.58674133e+02 4.24248993e+02 2.16933945e+02
    4.27572998e+02 1.77018051e+02 4.30525970e+02 1.39444351e+02
    4.32934082e+02 1.04230614e+02 4.34853729e+02 7.15806427e+01
    4.49750854e+02 3.92636230e+02 4.54893433e+02 3.49428375e+02
    4.59414215e+02 3.05431641e+02 4.63275787e+02 2.61642822e+02
    4.66368103e+02 2.19096878e+02 4.68756866e+02 1.78567352e+02
    4.70497955e+02 1.40101685e+02 4.71615356e+02 1.04468140e+02
    4.72323730e+02 7.14313049e+01 4.93647308e+02 3.96778229e+02
