<?xml version="1.0"?>
<opencv_storage>
<calibration_time>"Tue 08 Nov 2016 06:18:52 PM EST"</calibration_time>
<nr_of_frames>7</nr_of_frames>
<image_width>1280</image_width>
<image_height>720</image_height>
<board_width>9</board_width>
<board_height>6</board_height>
<square_size>50.</square_size>
<fix_aspect_ratio>1.</fix_aspect_ratio>
<!-- flags: +fix_aspectRatio +fix_principal_point +zero_tangent_dist -->
<flags>6158</flags>
<fisheye_model>0</fisheye_model>
<camera_matrix type_id="opencv-matrix">
  <rows>3</rows>
  <cols>3</cols>
  <dt>d</dt>
  <data>
    1.1041050247823382e+03 0. 6.3950000000000000e+02 0.
    1.1041050247823382e+03 3.5950000000000000e+02 0. 0. 1.</data></camera_matrix>
<distortion_coefficients type_id="opencv-matrix">
  <rows>5</rows>
  <cols>1</cols>
  <dt>d</dt>
  <data>
    3.4424249812727431e-02 -4.4652124210467142e-01 0. 0.
    2.4735784796470597e-01</data></distortion_coefficients>
<avg_reprojection_error>4.3566446714598456e-01</avg_reprojection_error>
<per_view_reprojection_errors type_id="opencv-matrix">
  <rows>7</rows>
  <cols>1</cols>
  <dt>f</dt>
  <data>
    3.91366333e-01 3.86621207e-01 2.51430422e-01 3.10116500e-01
    4.27093655e-01 7.17144430e-01 4.12172943e-01</data></per_view_reprojection_errors>
<extrinsic_parameters type_id="opencv-matrix">
  <rows>7</rows>
  <cols>6</cols>
  <dt>d</dt>
  <data>
    -1.4531416305074321e-01 4.6912613957390249e-02
    -3.1122532121886333e+00 3.5739832711175671e+02
    1.2707692844480336e+02 8.0673193471629475e+02
    -1.1206716842934659e+00 2.2659591779956031e-01
    2.6203441705099118e+00 6.2117988742901183e+01 1.5136066936709682e+02
    1.3966881511562176e+03 -9.4310490205816944e-01
    1.7633652658701551e-01 -2.2470575647794835e+00
    3.2609740074190768e+01 2.4486401647648600e+02 1.1126694955962087e+03
    -4.0954411221177128e-01 1.0227685195484553e+00
    2.4911651420897640e+00 9.3300435896414569e+01 6.9683204889256601e+01
    1.1998173701124724e+03 9.6387077390072173e-01 1.4834912073881676e+00
    -2.5906151914267221e+00 -9.0902144105609437e+01
    7.3151027321258537e+00 1.3266672793810694e+03
    -7.0904948662680975e-02 4.2509805577520732e-01
    2.9603053100003387e+00 1.7101310467284659e+02 8.3138511780892543e+01
    8.5229200203009214e+02 1.6786546828877520e+00
    -2.4143219666953944e-02 2.5717752976685486e+00
    2.1122578597965096e+02 1.0070486030022074e+02 8.8498237767347189e+02</data></extrinsic_parameters>
<image_points type_id="opencv-matrix">
  <rows>7</rows>
  <cols>54</cols>
  <dt>"2f"</dt>
  <data>
    1.12314551e+03 5.32068420e+02 1.05546753e+03 5.29980103e+02
    9.87515808e+02 5.27701904e+02 9.19020569e+02 5.25262756e+02
    8.51229248e+02 5.22482544e+02 7.84011536e+02 5.19873291e+02
    7.17496399e+02 5.16888916e+02 6.51934753e+02 5.14382568e+02
    5.86760376e+02 5.11758667e+02 1.12692261e+03 4.64910614e+02
    1.05880017e+03 4.62625763e+02 9.90312500e+02 4.60498901e+02
    9.21386292e+02 4.58287292e+02 8.53330811e+02 4.55936493e+02
    7.85811523e+02 4.53482361e+02 7.19112671e+02 4.51160889e+02
    6.53577820e+02 4.48769775e+02 5.88201538e+02 4.46597046e+02
    1.12896204e+03 3.96595062e+02 1.06115918e+03 3.94829742e+02
    9.92753113e+02 3.92831207e+02 9.23652588e+02 3.91101501e+02
    8.55428894e+02 3.89073242e+02 7.87827820e+02 3.87058533e+02
    7.20706787e+02 3.84946014e+02 6.54976074e+02 3.83174805e+02
    5.89613342e+02 3.81310059e+02 1.13131323e+03 3.28164612e+02
    1.06341797e+03 3.26394745e+02 9.95153931e+02 3.24559906e+02
    9.25965881e+02 3.23058319e+02 8.57512573e+02 3.21581970e+02
    7.89683044e+02 3.19869629e+02 7.22485779e+02 3.18389984e+02
    6.56461243e+02 3.16711975e+02 5.90617188e+02 3.15300629e+02
    1.13364954e+03 2.59756622e+02 1.06558704e+03 2.58184326e+02
    9.97225769e+02 2.56450378e+02 9.28107300e+02 2.55255630e+02
    8.59758789e+02 2.53933121e+02 7.91660339e+02 2.52874405e+02
    7.24280457e+02 2.51523651e+02 6.58084656e+02 2.50413971e+02
    5.92298645e+02 2.49287689e+02 1.13517078e+03 1.91535263e+02
    1.06710339e+03 1.89744995e+02 9.99091248e+02 1.88315063e+02
    9.30300842e+02 1.87035385e+02 8.61771851e+02 1.86066437e+02
    7.93739136e+02 1.85115707e+02 7.26116699e+02 1.84249451e+02
    6.59600037e+02 1.83393463e+02 5.93601807e+02 1.82465805e+02
    6.88817688e+02 4.79624390e+02 6.63340027e+02 4.90555237e+02
    6.36421936e+02 5.02313385e+02 6.07839966e+02 5.14771057e+02
    5.77673157e+02 5.27734924e+02 5.45690735e+02 5.41626038e+02
    5.11743042e+02 5.56343567e+02 4.75872314e+02 5.71881836e+02
    4.37536652e+02 5.88476501e+02 6.76967163e+02 4.41512573e+02
    6.50974060e+02 4.51609711e+02 6.23379456e+02 4.62291412e+02
    5.94614868e+02 4.73559418e+02 5.64081055e+02 4.85465607e+02
    5.32006226e+02 4.97978241e+02 4.97571838e+02 5.11457672e+02
    4.61333893e+02 5.25657104e+02 4.22684784e+02 5.40696655e+02
    6.63467468e+02 4.04128265e+02 6.37592041e+02 4.13118500e+02
    6.10384155e+02 4.22640533e+02 5.81223877e+02 4.32742035e+02
    5.50593567e+02 4.43506073e+02 5.17991089e+02 4.54775421e+02
    4.83239807e+02 4.66764191e+02 4.46681671e+02 4.79660187e+02
    4.07345154e+02 4.93390656e+02 6.50555176e+02 3.66582123e+02
    6.24554993e+02 3.74605682e+02 5.96883789e+02 3.83040375e+02
    5.67543884e+02 3.92054535e+02 5.36613464e+02 4.01548950e+02
    5.03705139e+02 4.11615112e+02 4.68731598e+02 4.22374695e+02
    4.31621918e+02 4.33793427e+02 3.92495056e+02 4.45745850e+02
    6.38252502e+02 3.29380768e+02 6.11513855e+02 3.36426086e+02
    5.83739807e+02 3.43821594e+02 5.54095764e+02 3.51630402e+02
    5.23096619e+02 3.59906616e+02 4.89637451e+02 3.68960724e+02
    4.54269012e+02 3.78271820e+02 4.16828064e+02 3.88335388e+02
    3.76790466e+02 3.99142700e+02 6.25330078e+02 2.92159393e+02
    5.98554321e+02 2.98317902e+02 5.70373230e+02 3.04627258e+02
    5.40496948e+02 3.11487396e+02 5.08933868e+02 3.18563110e+02
    4.75532928e+02 3.26243683e+02 4.39696991e+02 3.34403748e+02
    4.01765442e+02 3.43039062e+02 3.61407288e+02 3.52319946e+02
    6.72216980e+02 6.02779663e+02 6.47044800e+02 5.65697876e+02
    6.23131897e+02 5.30249207e+02 6.00243164e+02 4.96582794e+02
    5.78566833e+02 4.64569275e+02 5.57998291e+02 4.33997620e+02
    5.38146729e+02 4.04840210e+02 5.19488892e+02 3.76961548e+02
    5.01264954e+02 3.50221619e+02 6.99227905e+02 5.68513000e+02
    6.73086121e+02 5.31604065e+02 6.48502563e+02 4.96599976e+02
    6.24662476e+02 4.63294312e+02 6.02155212e+02 4.31504669e+02
    5.80632019e+02 4.01414764e+02 5.60104431e+02 3.72364868e+02
    5.40500916e+02 3.44918640e+02 5.21475769e+02 3.18347595e+02
    7.28612183e+02 5.32978271e+02 7.01130310e+02 4.96540344e+02
    6.74964417e+02 4.61946198e+02 6.50097900e+02 4.28853668e+02
    6.26563721e+02 3.97635498e+02 6.04161316e+02 3.67693878e+02
    5.82873169e+02 3.39195404e+02 5.62385071e+02 3.11986389e+02
    5.42892517e+02 2.86103333e+02 7.58690918e+02 4.96343842e+02
    7.29751831e+02 4.60305725e+02 7.02528870e+02 4.26002258e+02
    6.76505005e+02 3.93457489e+02 6.52070923e+02 3.62547485e+02
    6.28658752e+02 3.33160217e+02 6.06333740e+02 3.04884918e+02
    5.85171082e+02 2.78174286e+02 5.64392883e+02 2.52238892e+02
    7.89194214e+02 4.58481262e+02 7.59310059e+02 4.22991760e+02
    7.30804871e+02 3.89342285e+02 7.03673767e+02 3.57059021e+02
    6.77783447e+02 3.26699310e+02 6.53762390e+02 2.97536102e+02
    6.30610413e+02 2.69639679e+02 6.08450256e+02 2.43290909e+02
    5.87381592e+02 2.18129379e+02 8.21315613e+02 4.19445770e+02
    7.90000305e+02 3.84456757e+02 7.60289917e+02 3.51258392e+02
    7.32038147e+02 3.19603241e+02 7.05245239e+02 2.89315826e+02
    6.79652405e+02 2.60830292e+02 6.55489563e+02 2.33395828e+02
    6.32734253e+02 2.07658096e+02 6.10658020e+02 1.82611069e+02
    7.25430359e+02 4.23892395e+02 6.85990540e+02 4.37286469e+02
    6.45374146e+02 4.51213165e+02 6.03005859e+02 4.65706573e+02
    5.59388123e+02 4.80648376e+02 5.14046265e+02 4.96326538e+02
    4.66715637e+02 5.12542969e+02 4.18047363e+02 5.29349365e+02
