%YAML:1.0
calibration_time: "Sunday, August 07, 2016 PM05:12:12 HKT"
nframes: 10
image_width: 640
image_height: 480
board_width: 9
board_height: 6
square_size: 3.4000001847743988e-02
flags: 0
camera_matrix: !!opencv-matrix
   rows: 3
   cols: 3
   dt: d
   data: [ 8.8161660188840654e+02, 0., 3.2146373265174458e+02, 0.,
       8.8032830479955226e+02, 2.8296177232150404e+02, 0., 0., 1. ]
distortion_coefficients: !!opencv-matrix
   rows: 5
   cols: 1
   dt: d
   data: [ 5.1398977229078643e-02, 8.8483929603059031e-01,
       6.2700483730035721e-04, -3.4378620893421438e-03,
       -4.7472144933980127e+00 ]
avg_reprojection_error: 3.7136113190814429e-01
per_view_reprojection_errors: !!opencv-matrix
   rows: 10
   cols: 1
   dt: f
   data: [ 8.53523016e-01, 3.09617877e-01, 5.09829342e-01,
       2.39026949e-01, 1.62523642e-01, 1.52621612e-01, 2.87507147e-01,
       1.54601708e-01, 1.95325956e-01, 2.07953617e-01 ]
# a set of 6-tuples (rotation vector + translation vector) for each view
extrinsic_parameters: !!opencv-matrix
   rows: 10
   cols: 6
   dt: d
   data: [ 6.4266301975385604e-02, -1.8204438480403679e-01,
       5.4715147677304357e-02, -1.7424772047714290e-01,
       -1.7140059254566245e-01, 6.4671870815913846e-01,
       8.7562824666991210e-02, -1.4519160688030647e-01,
       6.4392521846714595e-02, -1.6232461541970644e-01,
       -1.6508319319034154e-01, 6.5338146606847169e-01,
       2.3883868806577283e-01, -2.1741833466316532e-01,
       -1.5694106726995612e-02, -2.1431007745295433e-01,
       -1.4914312900732299e-01, 6.1885907630255532e-01,
       2.9476698139092977e-01, -8.3034927681589807e-02,
       -1.4487221294495613e-02, -1.3434064219431380e-01,
       -1.1918305823784077e-01, 5.9266240761081423e-01,
       3.6338132971649079e-01, -1.7853292729050949e-01,
       -7.4513523818973265e-04, -1.8983417726756269e-01,
       -8.5337098436548464e-02, 5.9630498147553745e-01,
       3.5228811130193288e-01, -2.3314271306046988e-01,
       5.3144786014123986e-02, -1.6768988590598241e-01,
       -8.8130683716502026e-02, 6.5745713726030663e-01,
       4.2437096077026021e-01, -3.6362894627824949e-01,
       1.1791291473591088e-01, -1.5969241487322158e-01,
       -1.0324856595570919e-01, 6.6648436589683735e-01,
       4.0556354009304429e-01, -2.8684491337150614e-01,
       5.7117081349133889e-02, -1.4022793092086930e-01,
       -7.8445877363741548e-02, 6.8372822023814717e-01,
       3.1633443798010508e-01, -1.9901683369401479e-01,
       -4.3934360951105873e-02, -1.6429919257332518e-01,
       -6.6095847746928338e-02, 7.1570198359020498e-01,
       1.8666941927884154e-01, -1.1014071398235752e-01,
       -1.6488247893428598e-01, -1.5142708951817954e-01,
       -3.6000741292022770e-02, 7.6560551660658593e-01 ]
image_points: !!opencv-matrix
   rows: 10
   cols: 54
   dt: "2f"
   data: [ 7.90011063e+01, 4.53221359e+01, 1.27536209e+02,
       5.06796265e+01, 1.74953110e+02, 5.57745285e+01, 2.21449768e+02,
       6.07533226e+01, 2.66519470e+02, 6.54160309e+01, 3.10691589e+02,
       6.98106842e+01, 3.54469391e+02, 7.40824585e+01, 3.97290802e+02,
       7.82273331e+01, 4.39309143e+02, 8.21620102e+01, 7.82178345e+01,
       9.34325485e+01, 1.26547516e+02, 9.81990128e+01, 1.73571976e+02,
       1.02640640e+02, 2.19610321e+02, 1.06859268e+02, 2.64469025e+02,
       1.11043686e+02, 3.08435547e+02, 1.15029457e+02, 3.51803009e+02,
       1.18801231e+02, 3.94532837e+02, 1.22573662e+02, 4.36280151e+02,
       1.26096840e+02, 7.73050308e+01, 1.40791382e+02, 1.25300568e+02,
       1.45035095e+02, 1.71909241e+02, 1.48862350e+02, 2.17740814e+02,
       1.52639145e+02, 2.62298126e+02, 1.56250397e+02, 3.06141632e+02,
       1.59669296e+02, 3.49268768e+02, 1.63156525e+02, 3.91701782e+02,
       1.66434647e+02, 4.33340942e+02, 1.69643356e+02, 7.62832031e+01,
       1.87826294e+02, 1.23805420e+02, 1.91327759e+02, 1.70297928e+02,
       1.94644836e+02, 2.15872787e+02, 1.97884064e+02, 2.60227173e+02,
       2.01095322e+02, 3.03803253e+02, 2.04151535e+02, 3.46792206e+02,
       2.07142151e+02, 3.89160645e+02, 2.10089935e+02, 4.30488464e+02,
       2.12894089e+02, 7.49596176e+01, 2.33928772e+02, 1.22400818e+02,
       2.36945908e+02, 1.68551437e+02, 2.39711533e+02, 2.13849442e+02,
       2.42572876e+02, 2.58034485e+02, 2.45220703e+02, 3.01473389e+02,
       2.47912918e+02, 3.44380676e+02, 2.50471329e+02, 3.86443665e+02,
       2.53108459e+02, 4.27682281e+02, 2.55562729e+02, 7.35726547e+01,
       2.79646576e+02, 1.20687027e+02, 2.81957611e+02, 1.66693268e+02,
       2.84387939e+02, 2.11890884e+02, 2.86629883e+02, 2.55877121e+02,
       2.89034119e+02, 2.99149841e+02, 2.91238037e+02, 3.41856262e+02,
       2.93510132e+02, 3.83808594e+02, 2.95635193e+02, 4.25009888e+02,
       2.97814972e+02, 9.96106644e+01, 5.78864899e+01, 1.47507736e+02,
       6.29451485e+01, 1.94240311e+02, 6.77081680e+01, 2.40059052e+02,
       7.24049072e+01, 2.84731171e+02, 7.66106186e+01, 3.28716034e+02,
       8.07848969e+01, 3.72198761e+02, 8.48213806e+01, 4.15004547e+02,
       8.87654724e+01, 4.57029449e+02, 9.25136490e+01, 9.76987076e+01,
       1.05133492e+02, 1.45238800e+02, 1.09558571e+02, 1.91616364e+02,
       1.13745277e+02, 2.37318466e+02, 1.17773178e+02, 2.81705841e+02,
       1.21695503e+02, 3.25509796e+02, 1.25523041e+02, 3.68760437e+02,
       1.29201691e+02, 4.11325836e+02, 1.32722321e+02, 4.53191071e+02,
       1.36228943e+02, 9.55993576e+01, 1.51650574e+02, 1.42836777e+02,
       1.55605911e+02, 1.89006866e+02, 1.59374756e+02, 2.34448257e+02,
       1.62984619e+02, 2.78664124e+02, 1.66370132e+02, 3.22339966e+02,
       1.69774780e+02, 3.65382477e+02, 1.73191727e+02, 4.07825867e+02,
       1.76397339e+02, 4.49490692e+02, 1.79532120e+02, 9.34618225e+01,
       1.97867569e+02, 1.40409439e+02, 2.01305908e+02, 1.86415924e+02,
       2.04523407e+02, 2.31584579e+02, 2.07671021e+02, 2.75719452e+02,
       2.10767944e+02, 3.19204987e+02, 2.13737137e+02, 3.62239624e+02,
       2.16764297e+02, 4.04346008e+02, 2.19664993e+02, 4.45870544e+02,
       2.22548004e+02, 9.11725998e+01, 2.43444092e+02, 1.37953873e+02,
       2.46334229e+02, 1.83683395e+02, 2.49199020e+02, 2.28766724e+02,
       2.51842514e+02, 2.72728424e+02, 2.54570343e+02, 3.16080780e+02,
       2.57297546e+02, 3.58950073e+02, 2.59849304e+02, 4.01107941e+02,
       2.62497711e+02, 4.42365448e+02, 2.65025299e+02, 8.87029343e+01,
       2.88561249e+02, 1.35358566e+02, 2.90788269e+02, 1.81078827e+02,
       2.93328186e+02, 2.25967804e+02, 2.95593658e+02, 2.69786652e+02,
       2.98024689e+02, 3.13032318e+02, 3.00345367e+02, 3.55614807e+02,
       3.02609894e+02, 3.97626251e+02, 3.04754272e+02, 4.38933685e+02,
       3.07156311e+02, 1.19300385e+01, 6.84567184e+01, 6.33287048e+01,
       6.92951431e+01, 1.13580383e+02, 7.02624817e+01, 1.62562149e+02,
       7.10716629e+01, 2.09815247e+02, 7.18777618e+01, 2.55932281e+02,
       7.24264832e+01, 3.01290405e+02, 7.27957535e+01, 3.45411346e+02,
       7.32343750e+01, 3.88524841e+02, 7.34363556e+01, 1.53373594e+01,
       1.17829506e+02, 6.62930298e+01, 1.18268112e+02, 1.15855972e+02,
       1.18580063e+02, 1.64181595e+02, 1.18758530e+02, 2.10765305e+02,
       1.18872047e+02, 2.56377869e+02, 1.18810173e+02, 3.01028656e+02,
       1.18691025e+02, 3.44636688e+02, 1.18601738e+02, 3.87299438e+02,
       1.18446266e+02, 1.86038036e+01, 1.66376404e+02, 6.91533508e+01,
       1.66103745e+02, 1.17993225e+02, 1.65653503e+02, 1.65619583e+02,
       1.65325577e+02, 2.11621674e+02, 1.64758530e+02, 2.56601166e+02,
       1.64244293e+02, 3.00703186e+02, 1.63602554e+02, 3.43887726e+02,
       1.63013275e+02, 3.86140564e+02, 1.62463165e+02, 2.18325710e+01,
       2.13714539e+02, 7.17011948e+01, 2.12751144e+02, 1.20010635e+02,
       2.11749573e+02, 1.66951614e+02, 2.10727478e+02, 2.12463501e+02,
       2.09743225e+02, 2.56871704e+02, 2.08636536e+02, 3.00559967e+02,
       2.07637558e+02, 3.43362976e+02, 2.06632812e+02, 3.85059387e+02,
       2.05579330e+02, 2.47853222e+01, 2.59756287e+02, 7.41411819e+01,
