%YAML:1.0
calibration_time: "Sunday, August 07, 2016 PM05:20:43 HKT"
nframes: 10
image_width: 640
image_height: 480
board_width: 9
board_height: 6
square_size: 3.4000001847743988e-02
flags: 0
camera_matrix: !!opencv-matrix
   rows: 3
   cols: 3
   dt: d
   data: [ 6.3038898069998777e+02, 0., 3.2921528749228224e+02, 0.,
       6.3038214646064375e+02, 2.2169282744343158e+02, 0., 0., 1. ]
distortion_coefficients: !!opencv-matrix
   rows: 5
   cols: 1
   dt: d
   data: [ 1.1599124356313807e-01, -1.7528470403043866e-01,
       -7.6675514174526812e-04, 3.8656812721816237e-03,
       -2.0940170930761101e-02 ]
avg_reprojection_error: 1.6984863665699462e-01
per_view_reprojection_errors: !!opencv-matrix
   rows: 10
   cols: 1
   dt: f
   data: [ 1.59354508e-01, 1.55458182e-01, 1.50587767e-01,
       1.76061526e-01, 1.36829436e-01, 2.00395003e-01, 1.46198988e-01,
       1.59548700e-01, 2.29813218e-01, 1.63479820e-01 ]
# a set of 6-tuples (rotation vector + translation vector) for each view
extrinsic_parameters: !!opencv-matrix
   rows: 10
   cols: 6
   dt: d
   data: [ 2.2190176478153914e-01, -1.8593068682564390e-01,
       1.3009802500203932e-01, -1.4914447300138031e-01,
       -3.4890216467074235e-02, 7.2444862262237564e-01,
       1.0542506135774229e-01, -1.0322057879188663e-01,
       7.7893499373489397e-02, -1.2358076262900561e-01,
       -1.4359173803982718e-02, 7.8275988553275777e-01,
       -3.5784144570220319e-02, -7.6147998224991784e-02,
       8.9586758771831879e-02, -9.6001149311242998e-02,
       2.5573785271912858e-02, 8.3739675357380849e-01,
       -5.3406490734177560e-02, -5.8908069643170892e-02,
       6.7848892724229809e-02, -8.9749295480081204e-02,
       6.5697374558640210e-03, 8.7148423988050649e-01,
       -2.2171455500854270e-01, -1.0266205428925160e-01,
       5.4685287419007612e-02, -1.2308914304091921e-01,
       6.7505732069228219e-02, 8.4321796028139762e-01,
       -2.2955580820214688e-01, -9.2188379384432043e-02,
       1.4380294051809217e-02, -1.1908530340060333e-01,
       2.7905078485357802e-02, 7.8136309980647400e-01,
       -2.0311534267257886e-01, -1.0294982221795776e-01,
       -1.7377578173162045e-02, -1.4034262835239431e-01,
       -5.2393831855125562e-02, 7.1464219180186483e-01,
       -2.4769246318489149e-01, -1.3186689376143193e-01,
       1.4630663739162679e-02, -1.5249567334414221e-01,
       -4.6922050803879588e-02, 6.8172983698222145e-01,
       -1.6959251744495707e-01, -4.5909760724454164e-02,
       -2.0642577738514348e-01, -1.7703602202203508e-01,
       -5.1122938167297606e-02, 6.8056269557378157e-01,
       -8.7796817879998421e-02, -4.0433315855531608e-02,
       -2.0570858066759368e-01, -2.0334617489891568e-01,
       -5.7980825675770481e-02, 6.6692978537188508e-01 ]
image_points: !!opencv-matrix
   rows: 10
   cols: 54
   dt: "2f"
   data: [ 1.99284348e+02, 1.91391983e+02, 2.29119141e+02,
       1.94793671e+02, 2.58324341e+02, 1.98005112e+02, 2.87228333e+02,
       2.01307312e+02, 3.15364716e+02, 2.04507996e+02, 3.42839661e+02,
       2.07599091e+02, 3.70361969e+02, 2.10816940e+02, 3.97137970e+02,
       2.13813477e+02, 4.23631470e+02, 2.16877167e+02, 1.96125519e+02,
       2.20212601e+02, 2.25741348e+02, 2.23226196e+02, 2.54711685e+02,
       2.26308762e+02, 2.83393097e+02, 2.29296265e+02, 3.11059082e+02,
       2.32252151e+02, 3.38594360e+02, 2.35106903e+02, 3.65636047e+02,
       2.38029800e+02, 3.92333862e+02, 2.40743393e+02, 4.18626770e+02,
       2.43553177e+02, 1.93099930e+02, 2.48104279e+02, 2.22454926e+02,
       2.50876862e+02, 2.51268356e+02, 2.53589966e+02, 2.79489166e+02,
       2.56341858e+02, 3.07346436e+02, 2.59000427e+02, 3.34327972e+02,
       2.61700714e+02, 3.61376526e+02, 2.64419128e+02, 3.87682098e+02,
       2.67159363e+02, 4.13858337e+02, 2.69705231e+02, 1.89923813e+02,
       2.76016266e+02, 2.19141602e+02, 2.78497650e+02, 2.47546844e+02,
       2.81012573e+02, 2.75682037e+02, 2.83350128e+02, 3.03271576e+02,
       2.85648926e+02, 3.30362762e+02, 2.88111969e+02, 3.56938171e+02,
       2.90636200e+02, 3.83196777e+02, 2.93150177e+02, 4.09094360e+02,
       2.95530151e+02, 1.86882767e+02, 3.02988831e+02, 2.15789810e+02,
       3.05322235e+02, 2.44030899e+02, 3.07521362e+02, 2.72205963e+02,
       3.09745911e+02, 2.99336609e+02, 3.11745178e+02, 3.26191406e+02,
       3.14048248e+02, 3.52762115e+02, 3.16377441e+02, 3.78752136e+02,
       3.18556091e+02, 4.04543274e+02, 3.20602478e+02, 1.83878265e+02,
       3.29752838e+02, 2.12507050e+02, 3.31616791e+02, 2.40725571e+02,
       3.33743744e+02, 2.68514008e+02, 3.35584198e+02, 2.95622803e+02,
       3.37481049e+02, 3.22164459e+02, 3.39616394e+02, 3.48591125e+02,
       3.41569977e+02, 3.74507263e+02, 3.43464905e+02, 4.00079102e+02,
       3.45590942e+02, 2.29399933e+02, 2.09812454e+02, 2.57015442e+02,
       2.12122528e+02, 2.84330139e+02, 2.14168884e+02, 3.11359650e+02,
       2.16013168e+02, 3.38171692e+02, 2.18100708e+02, 3.64602264e+02,
       2.20188782e+02, 3.91219910e+02, 2.21917648e+02, 4.17249451e+02,
       2.23908310e+02, 4.43277100e+02, 2.25961319e+02, 2.27544678e+02,
       2.37281784e+02, 2.55196854e+02, 2.38891556e+02, 2.82219971e+02,
       2.40970215e+02, 3.09425323e+02, 2.42739059e+02, 3.35989838e+02,
       2.44563248e+02, 3.62322479e+02, 2.46543991e+02, 3.88587646e+02,
       2.48335449e+02, 4.14644165e+02, 2.50129944e+02, 4.40542206e+02,
       2.52136002e+02, 2.25818771e+02, 2.64082703e+02, 2.53181885e+02,
       2.65697052e+02, 2.80407776e+02, 2.67489197e+02, 3.07277374e+02,
       2.69398285e+02, 3.33657837e+02, 2.70848511e+02, 3.59855347e+02,
       2.72754883e+02, 3.86149292e+02, 2.74407227e+02, 4.12094055e+02,
       2.76198761e+02, 4.37947601e+02, 2.78045624e+02, 2.23918762e+02,
       2.90867096e+02, 2.51379272e+02, 2.92549500e+02, 2.78338715e+02,
       2.94028900e+02, 3.04990479e+02, 2.95713501e+02, 3.31412842e+02,
       2.97230774e+02, 3.57555481e+02, 2.98924713e+02, 3.83756775e+02,
       3.00453461e+02, 4.09573456e+02, 3.02161499e+02, 4.35384003e+02,
       3.03844055e+02, 2.22266663e+02, 3.17341675e+02, 2.49398636e+02,
       3.18924164e+02, 2.76231232e+02, 3.20220459e+02, 3.02952698e+02,
       3.21774689e+02, 3.29461395e+02, 3.23147766e+02, 3.55457703e+02,
       3.24796082e+02, 3.81613068e+02, 3.26197357e+02, 4.07287537e+02,
       3.27880768e+02, 4.32917908e+02, 3.29340332e+02, 2.20404022e+02,
       3.43680084e+02, 2.47344147e+02, 3.45122620e+02, 2.74359344e+02,
       3.46326843e+02, 3.01034698e+02, 3.47727814e+02, 3.27368622e+02,
       3.49039490e+02, 3.53367859e+02, 3.50532593e+02, 3.79422638e+02,
       3.51832733e+02, 4.05170837e+02, 3.53422150e+02, 4.30617950e+02,
       3.54748535e+02, 2.56829071e+02, 2.40895020e+02, 2.82387024e+02,
       2.43256119e+02, 3.07738190e+02, 2.45292007e+02, 3.33318787e+02,
       2.47521912e+02, 3.58298370e+02, 2.49792404e+02, 3.83180420e+02,
       2.52183548e+02, 4.08468201e+02, 2.54321838e+02, 4.33162079e+02,
       2.56422424e+02, 4.58169861e+02, 2.58678528e+02, 2.54584274e+02,
       2.66626984e+02, 2.80259155e+02, 2.68589020e+02, 3.05477783e+02,
       2.70676422e+02, 3.30886230e+02, 2.72978363e+02, 3.56235535e+02,
       2.75352631e+02, 3.81104553e+02, 2.77312073e+02, 4.06269989e+02,
       2.79462585e+02, 4.31344208e+02, 2.81724060e+02, 4.55965179e+02,
       2.84035156e+02, 2.52273880e+02, 2.92243622e+02, 2.77960724e+02,
       2.94253479e+02, 3.03401917e+02, 2.96387024e+02, 3.28660187e+02,
       2.98605713e+02, 3.53995850e+02, 3.00544495e+02, 3.79180328e+02,
       3.02647980e+02, 4.04214966e+02, 3.04880127e+02, 4.29238007e+02,
       3.07233276e+02, 4.54320953e+02, 3.09263519e+02, 2.49679611e+02,
       3.18256439e+02, 2.75549133e+02, 3.20094788e+02, 3.01154877e+02,
       3.22321899e+02, 3.26591064e+02, 3.24313934e+02, 3.51711578e+02,
       3.26237518e+02, 3.77030609e+02, 3.28393402e+02, 4.02306030e+02,
       3.30656891e+02, 4.27193207e+02, 3.32616669e+02, 4.52348572e+02,
       3.34678772e+02, 2.47216660e+02, 3.44126251e+02, 2.73085541e+02,
