%YAML:1.0
nmarkers: 1
markersize: 12
tau0: 80
marker_0: "000010010000011100001111000010000110111010000110000010001001000000000000000000000000010010010000011100010111011100010000010010001110100000010000"
 
